var M = require('./model/model');

module.exports = {
  "title": "prd04660963_AA_1",
  "psId": 15,
  "units": 5,
  "bboxMin": [
    132.983,
    744,
    -85
  ],
  "bboxMax": [
    474,
    874.1,
    723
  ],
  "version": 8.170190719,
  "mat64": M.M1,
  "children": [
    {
      "title": "P0059071_AC.1",
      "psId": 25,
      "bboxMin": [
        199.641,
        821.97,
        117.029
      ],
      "bboxMax": [
        337.526,
        859.742,
        223.256
      ],
      "children": [
        {
          "title": "S0000969.6REP3D_AB.1",
          "b64data": M.M2,
          "psId": 36,
          "units": 5,
          "bboxMin": [
            -10.5,
            -10.5001,
            -3.4
          ],
          "bboxMax": [
            10.5,
            10.5001,
            9
          ],
          "xform": [
            -0.999997,
            0.0015497,
            -0.00183772,
            0.00188549,
            0.0314078,
            -0.999505,
            -0.00149121,
            -0.999505,
            -0.0314106,
            257.709,
            854.376,
            196.879
          ]
        },
        {
          "title": "S0000969.6REP3D_AB.1",
          "psId": 90,
          "instanceId": 36,
          "bboxMin": [
            -10.5,
            -10.5001,
            -3.4
          ],
          "bboxMax": [
            10.5,
            10.5001,
            9
          ],
          "xform": [
            -0.999997,
            0.0015497,
            -0.00183772,
            0.00188549,
            0.0314078,
            -0.999505,
            -0.00149121,
            -0.999505,
            -0.0314106,
            276.305,
            855.998,
            144.385
          ]
        },
        {
          "title": "3sh00255502_AB.7",
          "b64data": M.M3,
          "psId": 100,
          "units": 5,
          "bboxMin": [
            199.641,
            821.97,
            117.029
          ],
          "bboxMax": [
            337.526,
            858.976,
            223.256
          ]
        }
      ]
    },
    {
      "title": "P0059070_AC.1",
      "psId": 151,
      "bboxMin": [
        180.249,
        807.252,
        500.68
      ],
      "bboxMax": [
        340.08,
        847.471,
        664.82
      ],
      "children": [
        {
          "title": "S0000969.6REP3D_AB.1",
          "psId": 162,
          "instanceId": 36,
          "bboxMin": [
            -10.5,
            -10.5001,
            -3.4
          ],
          "bboxMax": [
            10.5,
            10.5001,
            9
          ],
          "xform": [
            -0.999997,
            0.0015497,
            -0.00183772,
            0.00188549,
            0.0314078,
            -0.999505,
            -0.00149121,
            -0.999505,
            -0.0314106,
            314.136,
            840.422,
            638.216
          ]
        },
        {
          "title": "S0000969.6REP3D_AB.1",
          "psId": 172,
          "instanceId": 36,
          "bboxMin": [
            -10.5,
            -10.5001,
            -3.4
          ],
          "bboxMax": [
            10.5,
            10.5001,
            9
          ],
          "xform": [
            -0.999997,
            0.0015497,
            -0.00183772,
            0.00188549,
            0.0314078,
            -0.999505,
            -0.00149121,
            -0.999505,
            -0.0314106,
            286.917,
            840.707,
            630.45
          ]
        },
        {
          "title": "S0000969.6REP3D_AB.1",
          "psId": 182,
          "instanceId": 36,
          "bboxMin": [
            -10.5,
            -10.5001,
            -3.4
          ],
          "bboxMax": [
            10.5,
            10.5001,
            9
          ],
          "xform": [
            -0.999997,
            0.0015497,
            -0.00183772,
            0.00188549,
            0.0314078,
            -0.999505,
            -0.00149121,
            -0.999505,
            -0.0314106,
            311.314,
            843.727,
            533.203
          ]
        },
        {
          "title": "S0000969.6REP3D_AB.1",
          "psId": 192,
          "instanceId": 36,
          "bboxMin": [
            -10.5,
            -10.5001,
            -3.4
          ],
          "bboxMax": [
            10.5,
            10.5001,
            9
          ],
          "xform": [
            -0.999997,
            0.0015497,
            -0.00183772,
            0.00188549,
            0.0314078,
            -0.999505,
            -0.00149121,
            -0.999505,
            -0.0314106,
            284.552,
            843.477,
            542.421
          ]
        },
        {
          "title": "P0000756.11REP3D_AB.7",
          "b64data": M.M4,
          "psId": 202,
          "units": 5,
          "bboxMin": [
            180.249,
            807.252,
            500.68
          ],
          "bboxMax": [
            340.08,
            846.825,
            664.82
          ]
        }
      ]
    },
    {
      "title": "3sh00084748_AD.13",
      "b64data": M.M5,
      "psId": 254,
      "units": 5,
      "bboxMin": [
        132.983,
        779.924,
        -85
      ],
      "bboxMax": [
        474,
        874.1,
        723
      ]
    },
    {
      "title": "P0058178_AB.2",
      "psId": 305,
      "bboxMin": [
        179.957,
        808,
        126.363
      ],
      "bboxMax": [
        324.945,
        860.819,
        650.05
      ],
      "children": [
        {
          "title": "3sh00135055_AB.1",
          "b64data": M.M6,
          "psId": 316,
          "units": 5,
          "bboxMin": [
            179.957,
            811.253,
            134.168
          ],
          "bboxMax": [
            318.912,
            860.819,
            644.038
          ]
        },
        {
          "title": "3sh00119854_AB.3",
          "b64data": M.M7,
          "psId": 367,
          "units": 5,
          "bboxMin": [
            180.249,
            808,
            126.363
          ],
          "bboxMax": [
            324.945,
            858.976,
            650.05
          ]
        }
      ]
    },
    {
      "title": "3sh00258445_AB.1",
      "b64data": M.M8,
      "psId": 418,
      "units": 5,
      "bboxMin": [
        207.566,
        744,
        36.3024
      ],
      "bboxMax": [
        379.638,
        869.148,
        69.4018
      ]
    },
    {
      "title": "S0000220.REP3D_AA.1",
      "b64data": M.M9,
      "psId": 477,
      "units": 5,
      "bboxMin": [
        -6.5,
        -6.47801,
        -14.5
      ],
      "bboxMax": [
        6.5,
        6.47801,
        0
      ],
      "xform": [
        0.999998,
        -0.00144509,
        -0.00149121,
        -0.00144509,
        0.0314128,
        -0.999505,
        0.00149121,
        0.999505,
        0.0314106,
        233.998,
        850.345,
        498.18
      ]
    },
    {
      "title": "S0000220.REP3D_AA.1",
      "psId": 530,
      "instanceId": 477,
      "bboxMin": [
        -6.5,
        -6.47801,
        -14.5
      ],
      "bboxMax": [
        6.5,
        6.47801,
        0
      ],
      "xform": [
        0.999998,
        -0.00144509,
        -0.00149121,
        -0.00144509,
        0.0314128,
        -0.999505,
        0.00149121,
        0.999505,
        0.0314106,
        236.001,
        858.53,
        237.634
      ]
    }
  ]
}